RUN 2022-11-06 14:52:11.963055
Baseline: 0.902788844621514
Viterbi: 0.9260956175298805
Gibbs: 0.9167330677290837
Variational Inference: 0.9318725099601594
