RUN 2022-11-06 13:37:31.592326
Baseline: 0.902788844621514
Viterbi: 0.9260956175298805
