RUN 2022-11-05 22:56:00.499647
Baseline: 0.902788844621514
Viterbi: 0.8904382470119522
Gibbs: 0.9197211155378486
Variational Inference: 0.8707171314741036
